['91.0', '217.0', '343.0', '469.0', '595.0', '721.0']
['217.0', '559.0', '901.0', '1243.0', '1585.0', '1927.0']
['343.0', '901.0', '1459.0', '2017.0', '2575.0', '3133.0']
['469.0', '1243.0', '2017.0', '2791.0', '3565.0', '4339.0']
['595.0', '1585.0', '2575.0', '3565.0', '4555.0', '5545.0']
['721.0', '1927.0', '3133.0', '4339.0', '5545.0', '6751.0']
