['433.2', '452.4', '471.6', '490.8', '510.0', '529.2']
['452.4', '472.8', '493.2', '513.6', '534.0', '554.4']
['471.6', '493.2', '514.8', '536.4', '558.0', '579.6']
['490.8', '513.6', '536.4', '559.2', '582.0', '604.8']
['510.0', '534.0', '558.0', '582.0', '606.0', '630.0']
['529.2', '554.4', '579.6', '604.8', '630.0', '655.2']
